Avec optimisation
1.5e-05
1.6e-05
1.5e-05
1.6e-05
2.4e-05
1.7e-05
2.7e-05
1.7e-05
1.7e-05
1.6e-05
1.4e-05
1.6e-05
1.5e-05
1.5e-05
1.6e-05
1.6e-05
1.9e-05
1.5e-05
1.6e-05
1.7e-05
1.6e-05
1.6e-05
1.4e-05
2.4e-05
1.6e-05
1.6e-05
1.5e-05
1.6e-05
1.5e-05
1.5e-05
1.4e-05
1.6e-05
1.5e-05
1.6e-05
1.4e-05
1.5e-05
1.6e-05
1.5e-05
1.4e-05
2.1e-05
1.7e-05
1.5e-05
1.6e-05
1.6e-05
1.5e-05
1.6e-05
1.5e-05
2.1e-05
1.5e-05
1.6e-05
1.5e-05
1.5e-05
1.5e-05
1.5e-05
1.5e-05
1.5e-05
2e-05
1.5e-05
1.9e-05
1.5e-05
1.5e-05
1.4e-05
1.5e-05
1.6e-05
1.6e-05
1.6e-05
1.6e-05
1.6e-05
1.6e-05
1.4e-05
3e-05
1.4e-05
3.1e-05
1.4e-05
1.4e-05
1.5e-05
1.6e-05
1.5e-05
1.5e-05
1.7e-05
1.5e-05
1.4e-05
1.7e-05
1.5e-05
1.6e-05
1.6e-05
1.6e-05
1.5e-05
1.6e-05
1.8e-05
1.5e-05
1.5e-05
1.6e-05
1.6e-05
1.4e-05
1.5e-05
1.4e-05
1.4e-05
1.4e-05
1.7e-05

Sans optimisation

1.9e-05
1.9e-05
1.9e-05
1.9e-05
1.9e-05
2e-05
2e-05
2.1e-05
2e-05
1.9e-05
1.9e-05
2.1e-05
1.9e-05
1.9e-05
1.8e-05
2e-05
2.1e-05
1.9e-05
1.9e-05
2e-05
1.9e-05
1.8e-05
2e-05
2e-05
1.9e-05
1.9e-05
2.4e-05
1.9e-05
2.6e-05
2e-05
2.5e-05
1.9e-05
1.9e-05
2e-05
1.9e-05
2e-05
1.9e-05
2e-05
1.9e-05
2e-05
2e-05
1.9e-05
2e-05
1.8e-05
2.2e-05
1.9e-05
1.9e-05
1.9e-05
1.9e-05
1.9e-05
2.1e-05
2.2e-05
2.5e-05
2.1e-05
2.2e-05
3e-05
3.3e-05
2.1e-05
1.9e-05
1.9e-05
2e-05
3.5e-05
1.9e-05
2e-05
1.9e-05
2.5e-05
1.9e-05
3e-05
1.9e-05
2e-05
1.9e-05
1.9e-05
2.1e-05
3.7e-05
3.2e-05
2.1e-05
2.7e-05
2.1e-05
2e-05
1.9e-05
1.9e-05
2e-05
1.9e-05
2e-05
1.9e-05
2e-05
1.8e-05
2.1e-05
1.9e-05
1.9e-05
1.8e-05
4e-05
2.2e-05
1.9e-05
2.3e-05
1.9e-05
2e-05
1.9e-05
3.5e-05
2e-05
